[2, 0, -2, 195] 
[2, 2, -2, 190] 
[8, 4, -5, 188] 
[8, 6, -5, 186] 
[8, 8, -5, 184] 
[8, 10, -5, 182] 
[8, 12, -5, 180] 
[8, 14, -5, 178] 
[8, 16, -5, 176] 
[8, 18, -5, 174] 
[8, 20, -5, 172] 
[8, 22, -5, 170] 
[8, 24, -5, 168] 
[8, 26, -5, 166] 
[8, 28, -5, 164] 
[8, 30, -5, 162] 
[8, 32, -5, 160] 
[8, 34, -5, 158] 
[8, 36, -5, 156] 
[8, 38, -5, 154] 
[8, 40, -5, 152] 
[8, 42, -5, 150] 
[8, 44, -5, 148] 
[8, 45, -5, 146] 
[8, 46, -5, 144] 
[8, 47, -5, 142] 
[8, 48, -5, 140] 
[8, 49, -5, 138] 
[8, 50, -5, 136] 
[8, 51, -5, 134] 
[8, 52, -5, 132] 
[8, 53, -5, 130] 
[8, 54, -5, 128] 
[8, 55, -5, 126] 
[8, 56, -5, 124] 
[8, 57, -5, 122] 
[8, 58, -5, 120] 
[8, 59, -5, 118] 
[8, 60, -5, 116] 
[8, 61, -5, 114] 
[8, 62, -5, 112] 
[8, 63, -5, 110] 
[8, 64, -5, 108] 
[8, 65, -5, 106] 
[8, 66, -5, 104] 
[8, 67, -5, 102] 
[8, 68, -5, 100] 
[8, 69, -5, 98] 
[8, 70, -5, 96] 
[8, 71, -5, 94] 
[8, 72, -5, 92] 
[8, 73, -5, 90] 
[8, 74, -5, 88] 
[8, 75, -5, 86] 
[8, 76, -5, 84] 
[8, 77, -5, 82] 
[8, 78, -5, 80] 
[8, 79, -5, 78] 
[8, 80, -5, 76] 
[8, 81, -5, 74] 
[8, 82, -5, 72] 
[8, 83, -5, 70] 
[8, 84, -5, 68] 
[8, 85, -5, 66] 
[8, 86, -5, 64] 
[8, 87, -5, 62] 
[8, 88, -5, 60] 
[8, 89, -5, 58] 
[8, 90, -5, 56] 
