[8, 1, -5, 198] 
[8, 3, -5, 196] 
[8, 5, -5, 194] 
[8, 7, -5, 192] 
[8, 9, -5, 190] 
[8, 11, -5, 188] 
[8, 13, -5, 186] 
[8, 15, -5, 184] 
[8, 17, -5, 182] 
[8, 19, -5, 180] 
[8, 21, -5, 178] 
[8, 23, -5, 176] 
[8, 25, -5, 174] 
[8, 27, -5, 172] 
[8, 29, -5, 170] 
[8, 31, -5, 168] 
[8, 33, -5, 166] 
[8, 35, -5, 164] 
[8, 37, -5, 162] 
[8, 39, -5, 160] 
[8, 41, -5, 158] 
[8, 43, -5, 156] 
[8, 45, -5, 154] 
[8, 47, -5, 152] 
[8, 49, -5, 150] 
[8, 51, -5, 148] 
[8, 53, -5, 146] 
[8, 55, -5, 144] 
[8, 57, -5, 142] 
[8, 59, -5, 140] 
[8, 61, -5, 138] 
[8, 63, -5, 136] 
[8, 65, -5, 134] 
[8, 67, -5, 132] 
[8, 69, -5, 130] 
[8, 71, -5, 128] 
[8, 73, -5, 126] 
[8, 75, -5, 124] 
[8, 77, -5, 122] 
[8, 79, -5, 120] 
[8, 81, -5, 118] 
[8, 83, -5, 116] 
[8, 85, -5, 114] 
[8, 87, -5, 112] 
[8, 89, -5, 110] 
